-118 386 278 416 292 -164 -114 -8 148 -78 -138 -474 190 -440 262 426 40 -74 -328 236 -290 -132 68 -72 
282 30 362 -376 -434 -366 428 302 -478 -442 -432 -334 -108 -44 -488 -458 -272 -128 -80 418 284 36 -302 -176 
-185 -129 -87 25 -409 481 455 373 363 -331 495 -219 -195 425 -417 -173 -165 5 347 229 -187 357 -377 395 
82 44 314 -134 -66 -136 -458 250 -412 308 -224 -322 288 84 -96 150 254 -102 432 -442 176 -132 238 -488 
-274 86 -406 38 294 70 -66 -122 -34 102 -402 402 -184 -8 152 256 -198 -218 -214 -58 364 188 -56 120 
-59 229 -469 -385 -403 271 -19 175 209 427 67 357 -3 -147 85 465 -195 183 -281 125 29 373 233 329 
3 -481 -231 -133 209 215 -159 -351 297 223 117 -255 347 -49 421 55 -121 -13 265 -273 341 -149 -307 1 
-467 265 -375 413 487 355 243 -9 -275 -135 359 435 -69 51 -63 -271 -225 -93 -27 -379 359 -105 -471 -263 
-265 293 317 -71 -357 -489 427 29 275 -95 -57 263 113 37 107 341 405 319 -373 187 -131 417 417 495 
-175 243 -31 -317 -11 -1 271 225 145 91 5 -361 455 285 169 -417 41 -37 -303 7 -145 305 -151 111 
