-117 386 277 415 293 -165 -114 -8 149 -79 -138 -473 190 -441 263 426 40 -74 -328 236 -289 -132 67 -71 
282 30 362 -377 -433 -365 429 302 -478 -442 -431 -333 -107 -44 -489 -458 -271 -127 -79 419 284 37 -302 -176 
-185 -130 -87 26 -409 480 456 373 362 -330 496 -219 -195 425 -416 -173 -164 5 346 229 -187 357 -376 395 
82 45 314 -133 -66 -136 -457 250 -413 308 -224 -322 288 84 -97 151 254 -101 432 -440 176 -132 239 -488 
-274 86 -406 39 295 70 -66 -122 -33 101 -403 402 -183 -8 152 256 -199 -220 -214 -59 365 189 -56 119 
-60 229 -469 -383 -403 271 -19 175 209 427 67 356 -3 -147 86 465 -194 183 -281 124 28 371 232 329 
3 -481 -230 -132 208 215 -160 -351 296 223 118 -255 346 -49 421 55 -121 -12 264 -272 341 -150 -307 0 
-466 264 -376 414 487 356 243 -9 -273 -135 359 436 -68 51 -63 -272 -225 -93 -26 -379 358 -105 -471 -263 
-265 293 318 -72 -357 -489 428 29 276 -96 -57 263 113 38 106 340 404 318 -372 188 -131 417 417 496 
-176 243 -30 -317 -10 -1 272 225 144 90 5 -361 454 286 169 -418 42 -36 -303 7 -145 304 -152 111 
